# # Radial velocity profile: voids (vel=0) and DM (weighted by par_volume)
# # Case: A0, Redshift: 0, N_voids: 9227
# # Radius range: [11.0, 16.0] Mpc/h
# # s (r/r_v)  v_rad (km/s)  std_err_vrad (km/s)  dispersion (km/s)  std_err_disp (km/s)
0.062500 nan nan nan nan
0.187500 99.012376 4.422196 0.000000 0.000000
0.312500 0.643036 2.869458 31.266870 0.931595
0.437500 50.400196 2.656147 91.775461 1.411259
0.562500 71.973841 2.214015 154.243007 1.447683
0.687500 63.347252 1.715895 217.564387 1.278788
0.812500 32.667937 1.372825 254.903443 1.079301
0.937500 3.463366 1.235672 269.440687 0.959218
1.062500 -19.235681 1.235918 274.938619 0.890923
1.187500 -35.944428 1.286470 277.581779 0.844817
1.312500 -49.409949 1.340470 277.881082 0.805968
1.437500 -59.267443 1.392000 276.571163 0.770922
1.562500 -64.714405 1.418618 274.496284 0.744529
1.687500 -65.669774 1.444186 272.528723 0.721177
1.812500 -64.389756 1.454698 271.443414 0.693397
1.937500 -62.386493 1.471902 270.589017 0.674065
2.062500 -59.058300 1.470409 270.112909 0.650750
2.187500 -55.486636 1.469946 268.903836 0.630755
2.312500 -51.295916 1.483703 268.482601 0.611260
2.437500 -47.889960 1.478251 268.069929 0.590238
2.562500 -44.284123 1.478727 268.293176 0.574307
2.687500 -41.833961 1.472105 269.140343 0.562172
2.812500 -38.956228 1.468993 268.564785 0.543564
2.937500 -35.391622 1.467129 268.974967 0.532783
