# # Radial velocity profile: voids (vel=0) and halos (weighted by par_volume)
# # Case: A0, Redshift: 0, N_voids: 5471
# # Radius range: [11.0, 16.0] Mpc/h
# # s (r/r_v)  v_rad (km/s)  std_err_vrad (km/s)  dispersion (km/s)  std_err_disp (km/s)
0.051724 nan nan nan nan
0.155172 nan nan nan nan
0.258621 9.413613 3.668621 10.625413 0.673846
0.362069 37.191458 3.778565 36.355336 1.212598
0.465517 66.602258 3.405655 77.781546 1.579887
0.568966 80.829109 3.008549 127.806394 1.738573
0.672414 73.022482 2.500169 179.501919 1.697676
0.775862 40.022477 2.015723 217.905136 1.515930
0.879310 9.480276 1.780787 238.202046 1.336440
0.982759 -17.513296 1.738166 251.779061 1.247330
1.086207 -38.849614 1.704302 257.555920 1.171760
1.189655 -58.461464 1.729601 259.510539 1.126429
1.293103 -70.674617 1.806570 261.128429 1.088153
1.396552 -81.964274 1.851374 261.148720 1.034890
1.500000 -89.326107 1.872346 261.240202 1.005196
1.603448 -92.849712 1.911050 259.541669 0.994528
1.706897 -95.514950 1.930051 259.137258 0.950862
1.810345 -93.633724 1.947175 257.997601 0.928117
1.913793 -92.999794 1.940511 257.746763 0.909602
2.017241 -90.419362 1.958896 256.741901 0.884044
2.120690 -87.739429 1.960713 256.046594 0.868435
2.224138 -84.664661 1.953895 255.861572 0.848968
2.327586 -80.255536 1.954623 255.941645 0.830972
2.431034 -76.334947 1.956357 254.711413 0.811279
2.534483 -72.945691 1.958124 255.541169 0.780824
2.637931 -69.749369 1.963140 254.751418 0.774899
2.741379 -66.412300 1.954274 255.114028 0.760498
2.844828 -63.662363 1.957116 254.394721 0.742915
2.948276 -61.607230 1.943004 254.750360 0.731402
